-004
-005
-004
-004
-004
-005
-005
-005
-004
-005
-005
-003
-002
-002
-001
+000
+000
+001
+002
+003
+003
+002
+002
+002
+003
+003
+002
+000
-004
-004
-002
-003
-003
-004
-003
-002
-003
-001
+003
+004
+004
+003
+003
+005
+005
+005
+005
+006
+006
+005
+005
+005
+005
+005
+005
+005
+005
+005
+005
+005
+004
+005
+006
+007
+006
+004
+004
+003
+003
+003
+002
+003
+003
+003
+003
+003
+003
+003
+002
+001
+002
+002
+002
+003
+003
+003
+004
+003
+002
+001
+001
+002
+002
+003
+002
+001
+000
+001
+002
+003
+002
+002
+003
+002
+002
+002
+002
+002
+002
+001
+001
+002
+001
+001
+000
-001
+000
+000
+000
-001
-001
-002
-001
-003
-002
+000
-001
+000
-001
-002
-002
-003
-002
-002
-002
-001
-001
+000
+000
+000
-001
-002
-001
-001
-002
-002
-001
-002
-003
-004
-002
-001
-002
-002
-002
-002
-004
-003
-002
-003
-001
+002
+002
+002
+002
+003
+002
+001
+000
+002
+002
+001
+001
+001
+001
+000
+001
+002
+002
+002
+001
+002
+002
+002
+000
-002
+000
+000
-001
+001
+000
-002
-001
+001
-001
+000
+000
-003
-002
+000
-001
-002
-002
-001
-001
-001
-002
-003
-003
-005
-005
-003
-002
-003
-003
-003
-004
-004
-004
-003
-003
-004
-004
-003
-005
-004
-004
-003
-002
-002
-003
-003
-004
-003
-002
-003
-003
-004
-004
-004
-005
-004
-003
-005
-007
-007
-006
-006
-006
-006
-005
-004
-005
-005
-004
-005
-005
-004
-004
-004
-003
-004
-004
-003
-004
-004
-004
-004
-005
-004
-004
-004
-004
-005
-004
-003
-003
-002
-001
-001
+000
-001
+000
+001
+002
+003
+003
+003
+003
+002
+001
+002
+003
+004
+001
-003
-002
-003
-004
-002
-001
-001
-002
+000
+005
+006
+006
+006
+006
+005
+005
+006
+005
+004
+004
+004
+006
+007
+005
+005
+004
+004
+004
+004
+004
+004
+005
+004
+004
+005
+006
+006
+005
+005
+003
+003
+003
+003
+003
+004
+005
+005
+004
+004
+004
+004
+004
+004
+003
+003
+004
+003
+003
+004
+003
+003
+002
+002
+002
+003
+003
+003
+003
+003
+003
+002
+002
+003
+002
+002
+002
+002
+002
+002
+002
+002
+002
+001
+000
-001
+000
+002
+000
-001
+000
+000
-001
-002
-002
-002
-001
-001
+000
+000
-001
-001
+000
+000
-002
-001
-001
+000
+000
-001
-001
-001
-001
-001
-002
-003
-001
-002
-003
-003
-003
-003
-002
-002
-004
-003
-004
-001
-002
-004
-004
-004
-004
+000
+003
+003
+003
+003
+004
+004
+004
+003
+002
+001
+000
+001
+001
+001
+002
+003
+003
+001
+000
+003
+002
+002
+003
+000
+000
+003
+002
+001
+001
-001
-002
+000
-001
-001
+000
+000
-033
+068
-120
+106
+009
-376
+1277
-7803
-17437
-16138
-16477
-16086
-17403
-11647
+059
+1356
-9390
-17416
-16139
-16376
-16497
-16292
-16458
-16362
-16394
-16392
-16392
-16392
-16392
-16392
-16392
-16392
-16392
-16392
-16392
-16391
-16392
-16392
-16392
-16392
-16392
-16392
-16392
-16392
-16392
-16392
-16393
-16394
-16392
-16393
-16394
-16394
-16393
-16393
-16393
-16393
-16393
-16394
-16393
-16392
-16392
-16392
-16392
-16392
-16392
-16392
-16392
-16392
-16392
-16391
-16391
-16393
-16392
-16392
-16392
-16393
-16392
-16393
-16392
-16392
-16392
-16390
-16389
-16390
-16390
-16390
-16390
-16389
-16388
-16388
-16388
-16389
-16389
-16389
-16389
-16389
-16390
-16391
-16391
-16392
-16392
-16392
-16392
-16392
-16392
-16392
-16390
-16389
-16389
-16388
-16389
-16389
-16388
-16388
-16388
-16388
-16389
-16388
-16388
-16388
-16388
-16388
-16388
-16389
-16388
-16388
-16388
-16388
-16389
-16388
-16389
-16388
-16388
-16388
-16388
-16388
-16389
-16389
-16388
-16388
-16387
-16387
-16388
-16388
-16388
-16389
-16389
-16388
-16388
-16388
-16388
-16388
-16388
-16389
-16389
-16389
-16388
-16389
-16388
-16389
-16389
-16388
-16389
-16389
-16389
-16389
-16390
-16389
-16389
-16388
-16389
-16389
-16389
-16389
-16389
-16388
-16388
-16388
-16389
-16389
-16389
-16389
-16389
-16389
-16390
-16392
-16391
-16390
-16390
-16390
-16390
-16390
-16391
-16390
-16391
-16391
-16391
-16391
-16392
-16391
-16391
-16391
-16391
-16391
-16390
-16391
-16391
-16391
-16391
-16391
-16392
-16391
-16389
-16390
-16391
-16391
-16391
-16392
-16392
-16392
-16392
-16391
-16391
-16392
-16391
-16391
-16391
-16392
-16392
-16391
-16389
-16389
-16389
-16390
-16390
-16389
-16390
-16389
-16389
-16390
-16390
-16390
-16390
-16388
-16377
-16362
-16346
-16329
-16315
-16298
-16280
-16270
-16254
-16234
-16221
-16207
-16190
-16175
-16160
-16142
-16125
-16110
-16093
-16079
-16064
-16048
-16033
-16019
-16006
-15992
-15976
-15960
-15945
-15929
-15916
-15901
-15886
-15869
-15853
-15839
-15824
-15809
-15794
-15779
-15763
-15749
-15736
-15722
-15704
-15690
-15678
-15660
-15646
-15634
-15618
-15605
-15590
-15572
-15557
-15542
-15527
-15514
-15501
-15487
-15471
-15457
-15441
-15426
-15412
-15397
-15383
-15368
-15354
-15339
-15324
-15310
-15295
-15282
-15265
-15250
-15237
-15222
-15209
-15194
-15180
-15166
-15149
-15135
-15121
-15105
-15091
-15077
-15063
-15048
-15033
-15019
-15004
-14990
-14976
-14960
-14947
-14932
-14919
-14906
-14892
-14878
-14862
-14847
-14833
-14818
-14805
-14790
-14777
-14762
-14746
-14731
-14717
-14705
-14690
-14677
-14664
-14649
-14635
-14622
-14609
-14596
-14583
-14568
-14553
-14539
-14526
-14511
-14496
-14480
-14464
-14452
-14438
-14424
-14410
-14395
-14382
-14369
-14355
-14341
-14327
-14312
-14297
-14284
-14270
-14258
-14246
-14235
-14221
-14207
-14192
-14178
-14165
-14152
-14139
-14125
-14109
-14096
-14083
-14068
-14056
-14044
-14027
-14015
-14003
-13989
-13977
-13964
-13950
-13937
-13923
-13907
-13894
-13879
-13866
-13855
-13840
-13827
-13813
-13798
-13786
-13773
-13758
-13746
-13734
-13721
-13706
-13691
-13679
-13663
-13652
-13640
-13625
-13613
-13600
-13587
-13575
-13559
-13543
-13531
-13519
-13506
-13493
-13479
-13468
-13454
-13442
-13430
-13414
-13402
-13390
-13378
-13365
-13349
-13337
-13325
-13311
-13298
-13282
-13268
-13259
-13247
-13232
-13220
-13206
-13193
-13180
-13169
-13156
-13144
-13130
-13117
-13106
-13095
-13081
-13068
-13056
-13042
-13029
-13016
-13004
-12990
-12974
-12961
-12950
-12938
-12927
-12913
-12899
-12887
-12875
-12862
-12848
-12834
-12821
-12806
-12795
-12784
-12770
-12759
-12747
-12733
-12722
-12711
-12699
-12684
-12671
-12659
-12646
-12634
-12620
-12608
-12599
-12585
-12572
-12559
-12547
-12535
-12523
-12510
-12498
-12485
-12472
-12462
-12450
-12436
-12423
-12410
-12399
-12388
-12375
-12362
-12350
-12337
-12325
-12313
-12300
-12286
-12273
-12263
-12252
-12241
-12230
-12218
-12204
-12191
-12179
-12169
-12157
-12144
-12132
-12119
-12104
-12095
-12084
-12071
-12059
-12048
-12035
-12024
-12012
-11999
-11990
-11979
-11965
-11954
-11942
-11930
-11918
-11906
-11894
-11884
-11872
-11857
-11846
-11835
-11824
-11813
-11800
-11789
-11777
-11763
-11751
-11741
-11728
-11716
-11704
-11691
-11681
-11670
-11657
-11642
-11631
-11621
-11607
-11595
-11585
-11572
-11560
-11548
-11536
-11524
-11511
-11502
-11490
-11477
-11468
-11455
-11443
-11432
-11418
-11408
-11399
-11387
-11374
-11361
-11350
-11338
-11327
-11316
-11304
-11293
-11280
-11269
-11258
-11248
-11239
-11226
-11214
-11205
-11194
-11181
-11168
-11157
-11146
-11136
-11122
-11108
-11097
-11086
-11076
-11065
-11051
-11040
-11027
-11015
-11006
-10993
-10979
-10970
-10962
-10951
-10939
-10927
-10916
-10904
-10894
-10881
-10868
-10858
-10846
-10834
-10826
-10815
-10804
-10792
-10782
-10771
-10760
-10748
-10737
-10726
-10715
-10703
-10693
-10681
-10669
-10657
-10647
-10636
-10625
-10615
-10603
-10592
-10582
-10572
-10563
-10552
-10539
-10530
-10520
-10507
-10497
-10486
-10474
-10464
-10452
-10441
-10431
-10419
-10409
-10399
-10389
-10379
-10366
-10354
-10344
-10335
-10324
-10314
-10305
-10294
-10280
-10267
-10258
-10247
-10237
-10229
-10217
-10207
-10197
-10185
-10174
-10164
-10152
-10143
-10134
-10122
-10111
-10100
-10089
-10080
-10071
-10058
-10047
-10039
-10028
-10017
-10007
-9997
-9987
-9974
-9962
-9953
-9944
-9932
-9920
-9910
-9900
-9889
-9878
-9866
-9855
-9846
-9836
-9826
-9816
-9806
-9796
-9783
-9771
-9763
-9753
-9740
-9731
-9721
-9710
-9700
-9687
-9675
-9665
-9655
-9644
-9634
-9624
-9613
-9604
-9593
-9583
-9572
-9561
-9550
-9539
-9531
-9522
-9511
-9503
-9494
-9482
-9474
-9464
-9453
-9444
-9435
-9424
-9415
-9403
-9392
-9380
-9369
-9360
-9351
-9340
-9329
-9319
-9310
-9300
-9290
-9281
-9270
-9260
-9250
-9240
-9230
-9219
-9210
-9202
-9191
-9180
-9171
-9162
-9150
-9139
-9130
-9121
-9110
-9101
-9091
-9079
-9069
-9059
-9049
-9041
-9031
-9020
-9011
-9002
-8992
-8983
-8972
-8962
-8951
-8942
-8933
-8921
-8912
-8902
-8892
-8883
-8872
-8863
-8853
-8842
-8833
-8824
-8815
-8804
-8796
-8787
-8776
-8768
-8757
-8747
-8740
-8730
-8720
-8710
-8700
-8692
-8682
-8672
-8663
-8655
-8642
-8632
-8623
-8613
-8605
-8594
-8583
-8572
-8563
-8554
-8543
-8533
-8524
-8515
-8504
-8495
-8486
-8478
-8467
-8459
-8450
-8441
-8433
-8421
-8412
-8404
-8393
-8384
-8375
-8363
-8352
-8342
-8332
-8323
-8314
-8306
-8297
-8289
-8277
-8266
-8256
-8248
-8239
-8231
-8222
-8213
-8206
-8195
-8185
-8175
-8166
-8158
-8148
-8139
-8129
-8117
-8108
-8101
-8091
-8082
-8074
-8065
-8057
-8048
-8037
-8027
-8017
-8009
-7999
-7989
-7983
-7973
-7963
-7955
-7945
-7935
-7926
-7918
-7909
-7898
-7889
-7882
-7872
-7864
-7856
-7846
-7837
-7829
-7818
-7809
-7801
-7790
-7781
-7772
-7765
-7755
-7744
-7737
-7729
-7721
-7712
-7703
-7694
-7684
-7675
-7667
-7658
-7649
-7641
-7632
-7623
-7614
-7604
-7595
-7586
-7577
-7568
-7560
-7552
-7543
-7532
-7522
-7514
-7506
-7496
-7488
-7480
-7470
-7462
-7454
-7444
-7433
-7423
-7421
-7414
-7401
-7392
-7385
-7376
-7368
-7362
-7354
-7343
-7334
-7328
-7319
-7309
-7300
-7290
-7282
-7276
-7267
-7256
-7246
-7237
-7228
-7221
-7214
-7204
-7196
-7188
-7179
-7172
-7162
-7154
-7147
-7138
-7131
-7122
-7113
-7106
-7097
-7086
-7077
-7070
-7062
-7054
-7044
-7034
-7025
-7017
-7012
-7006
-6995
-6984
-6977
-6971
-6962
-6953
-6944
-6937
-6930
-6920
-6910
-6902
-6894
-6885
-6875
-6867
-6860
-6850
-6841
-6833
-6826
-6818
-6808
-6802
-6795
-6785
-6776
-6768
-6759
-6750
-6742
-6735
-6727
-6720
-6713
-6705
-6697
-6688
-6679
-6670
-6662
-6652
-6645
-6638
-6629
-6621
-6613
-6605
-6597
-6590
-6583
-6574
-6567
-6559
-6550
-6543
-6534
-6525
-6517
-6507
-6500
-6491
-6483
-6476
-6468
-6460
-6452
-6444
-6435
-6427
-6421
-6413
-6403
-6396
-6387
-6378
-6372
-6364
-6356
-6348
-6341
-6334
-6325
-6318
-6310
-6301
-6293
-6282
-6275
-6268
-6258
-6250
-6243
-6235
-6228
-6219
-6211
-6204
-6196
-6189
-6181
-6174
-6168
-6160
-6151
-6142
-6136
-6127
-6118
-6111
-6104
-6097
-6088
-6077
-6070
-6061
-6054
-6047
-6038
-6032
-6024
-6016
-6009
-5999
-5991
-5985
-5976
-5968
-5960
-5953
-5948
-5942
-5934
-5926
-5918
-5909
-5901
-5894
-5887
-5880
-5871
-5864
-5858
-5850
-5842
-5836
-5828
-5820
-5813
-5806
-5797
-5790
-5781
-5773
-5766
-5760
-5753
-5743
-5737
-5729
-5718
-5710
-5704
-5696
-5688
-5683
-5677
-5669
-5661
-5654
-5647
-5639
-5632
-5624
-5617
-5609
-5599
-5592
-5584
-5575
-5569
-5561
-5556
-5549
-5540
-5532
-5524
-5517
-5510
-5503
-5496
-5488
-5482
-5475
-5467
-5461
-5453
-5445
-5435
-5428
-5422
-5415
-5408
-5400
-5394
-5387
-5379
-5373
-5364
-5357
-5351
-5342
-5335
-5328
-5321
-5312
-5306
-5300
-5293
-5285
-5278
-5271
-5264
-5256
-5250
-5244
-5236
-5229
-5222
-5214
-5207
-5200
-5193
-5186
-5180
-5173
-5164
-5155
-5147
-5139
-5134
-5127
-5119
-5113
-5105
-5097
-5089
-5083
-5076
-5068
-5061
-5056
-5049
-5042
-5036
-5029
-5022
-5015
-5010
-5001
-4993
-4989
-4980
-4972
-4966
-4960
-4954
-4947
-4940
-4932
-4924
-4919
-4912
-4907
-4901
-4892
-4885
-4876
-4868
-4860
-4853
-4849
-4842
-4835
-4829
-4822
-4816
-4811
-4804
-4798
-4790
-4781
-4773
-4769
-4762
-4755
-4748
-4741
-4735
-4727
-4721
-4715
-4708
-4702
-4693
-4686
-4680
-4672
-4666
-4660
-4653
-4645
-4639
-4634
-4628
-4621
-4613
-4607
-4601
-4595
-4591
-4585
-4578
-4569
-4564
-4557
-4550
-4543
-4538
-4532
-4524
-4517
-4512
-4504
-4497
-4490
-4483
-4475
-4470
-4464
-4457
-4449
-4443
-4436
-4429
-4424
-4417
-4411
-4406
-4398
-4392
-4385
-4379
-4373
-4366
-4359
-4351
-4345
-4340
-4334
-4328
-4319
-4311
-4305
-4297
-4291
-4286
-4279
-4273
-4267
-4262
-4255
-4248
-4242
-4236
-4228
-4219
-4213
-4207
-4200
-4191
-4185
-4179
-4171
-4165
-4160
-4152
-4146
-4140
-4132
-4126
-4120
-4114
-4108
-4101
-4095
-4089
-4081
-4076
-4069
-4064
-4058
-4050
-4046
-4040
-4032
-4027
-4020
-4013
-4006
-3999
-3994
-3988
-3982
-3974
-3967
-3962
-3956
-3950
-3944
-3939
-3934
-3927
-3920
-3914
-3907
-3901
-3895
-3889
-3884
-3878
-3872
-3866
-3859
-3853
-3847
-3840
-3835
-3830
-3824
-3818
-3813
-3804
-3797
-3793
-3787
-3780
-3775
-3769
-3762
-3758
-3752
-3744
-3738
-3731
-3723
-3718
-3713
-3707
-3700
-3693
-3689
-3681
-3676
-3672
-3665
-3657
-3652
-3649
-3642
-3633
-3628
-3622
-3616
-3610
-3605
-3598
-3592
-3587
-3581
-3574
-3569
-3564
-3558
-3553
-3545
-3541
-3536
-3529
-3525
-3520
-3514
-3508
-3501
-3495
-3490
-3483
-3476
-3470
-3464
-3458
-3453
-3447
-3439
-3434
-3427
-3420
-3416
-3412
-3405
-3398
-3392
-3387
-3381
-3377
-3370
-3362
-3356
-3350
-3345
-3340
-3333
-3328
-3323
-3317
-3311
-3305
-3300
-3293
-3288
-3284
-3278
-3272
-3267
-3260
-3253
-3249
-3244
-3238
-3232
-3226
-3221
-3215
-3210
-3204
-3197
-3191
-3186
-3181
-3176
-3172
-3166
-3160
-3154
-3148
-3143
-3137
-3132
-3127
-3121
-3116
-3110
-3105
-3100
-3094
-3088
-3082
-3075
-3069
-3065
-3058
-3052
-3047
-3042
-3037
-3031
-3027
-3021
-3014
-3010
-3004
-2998
-2993
-2987
-2980
-2975
-2971
-2967
-2962
-2957
-2951
-2944
-2938
-2933
-2928
-2921
-2913
-2908
-2903
-2896
-2891
-2886
-2880
-2874
-2870
-2865
-2862
-2856
-2850
-2845
-2838
-2832
-2826
-2821
-2817
-2812
-2803
-2799
-2795
-2789
-2784
-2778
-2772
-2766
-2761
-2756
-2750
-2744
-2738
-2732
-2728
-2723
-2719
-2714
-2708
-2703
-2700
-2694
-2687
-2684
-2679
-2674
-2668
-2661
-2657
-2653
-2645
-2638
-2632
-2628
-2623
-2618
-2612
-2606
-2601
-2597
-2592
-2587
-2582
-2577
-2572
-2568
-2562
-2555
-2550
-2546
-2540
-2534
-2529
-2524
-2520
-2514
-2508
-2502
-2499
-2495
-2488
-2484
-2479
-2473
-2469
-2463
-2458
-2454
-2449
-2444
-2439
-2434
-2428
-2424
-2419
-2414
-2409
-2404
-2401
-2396
-2390
-2385
-2381
-2376
-2369
-2364
-2360
-2355
-2351
-2346
-2340
-2336
-2331
-2326
-2320
-2315
-2309
-2304
-2299
-2293
-2288
-2281
-2278
-2275
-2269
-2264
-2260
-2254
-2250
-2244
-2239
-2236
-2231
-2226
-2221
-2216
-2210
-2203
-2199
-2194
-2188
-2183
-2179
-2174
-2169
-2165
-2161
-2156
-2151
-2147
-2142
-2137
-2131
-2126
-2122
-2116
-2111
-2107
-2101
-2096
-2092
-2089
-2086
-2082
-2077
-2071
-2067
-2062
-2057
-2052
-2047
-2043
-2037
-2030
-2023
-2018
-2014
-2009
-2003
-1999
-1994
-1990
-1985
-1981
-1978
-1973
-1967
-1963
-1959
-1953
-1949
-1944
-1938
-1933
-1929
-1924
-1920
-1916
-1911
-1905
-1900
-1897
-1893
-1887
-1882
-1877
-1872
-1869
-1866
-1861
-1856
-1851
-1847
-1842
-1837
-1834
-1830
-1825
-1820
-1815
-1812
-1807
-1803
-1798
-1792
-1787
-1783
-1779
-1775
-1771
-1768
-1765
-1759
-1754
-1750
-1745
-1741
-1736
-1731
-1726
-1720
-1715
-1712
-1707
-1703
-1699
-1693
-1688
-1683
-1677
-1673
-1670
-1665
-1661
-1657
-1653
-1649
-1644
-1639
-1634
-1631
-1625
-1620
-1617
-1613
-1608
-1602
-1599
-1595
-1592
-1587
-1581
-1577
-1571
-1567
-1563
-1559
-1555
-1551
-1547
-1543
-1538
-1533
-1528
-1523
-1520
-1516
-1510
-1506
-1503
-1498
-1493
-1488
-1483
-1479
-1475
-1470
-1465
-1460
-1456
-1453
-1448
-1443
-1440
-1435
-1431
-1426
-1425
-1423
-1419
-1415
-1410
-1405
-1401
-1396
-1391
-1387
-1380
-1376
-1372
-1367
-1362
-1358
-1353
-1349
-1343
-1339
-1334
-1331
-1327
-1323
-1319
-1317
-1313
-1309
-1305
-1300
-1295
-1291
-1286
-1282
-1278
-1273
-1269
-1266
-1263
-1258
-1255
-1252
-1247
-1242
-1238
-1234
-1230
-1225
-1220
-1216
-1212
-1208
-1204
-1200
-1196
-1193
-1189
-1183
-1179
-1176
-1172
-1167
-1164
-1159
-1155
-1152
-1147
-1142
-1139
-1136
-1131
-1126
-1123
-1118
-1113
-1111
-1105
-1101
-1098
-1094
-1091
-1088
-1084
-1079
-1076
-1071
-1065
-1063
-1060
-1055
-1049
-1046
-1042
-1037
-1034
-1030
-1026
-1023
-1018
-1013
-1009
-1006
-1001
-997
-993
-989
-987
-983
-978
-974
-970
-967
-965
-961
-954
-949
-947
-942
-940
-936
-933
-928
-923
-919
-916
-913
-909
-904
-899
-895
-891
-886
-883
-878
-872
-870
-865
-860
-857
-852
-848
-846
-843
-840
-834
-830
-827
-823
-819
-815
-810
-807
-806
-801
-797
-794
-789
-788
-784
-779
-775
-771
-769
-766
-762
-757
-755
-751
-745
-741
-738
-734
-731
-728
-723
-719
-716
-712
-708
-706
-702
-698
-696
-692
-687
-682
-678
-675
-672
-669
-665
-660
-657
-653
-650
-647
-643
-639
-635
-631
-630
-624
-620
-617
-613
-609
-606
-603
-600
-596
-592
-588
-586
-584
-581
-576
-572
-569
-564
-561
-557
-553
-549
-545
-544
-540
-534
-531
-528
-523
-519
-517
-513
-510
-507
-502
-498
-493
-489
-487
-484
-479
-477
-474
-469
-466
-464
-459
-456
-453
-447
-441
-437
-435
-433
-431
-426
-421
-418
-415
-411
-408
-405
-401
-397
-394
-392
-390
-387
-384
-380
-376
-373
-369
-365
-362
-359
-355
-349
-346
-343
-339
-335
-332
-329
-326
-322
-317
-315
-312
-309
-306
-300
-296
-294
-291
-288
-284
-280
-277
-272
-269
-266
-262
-260
-257
-253
-250
-246
-243
-241
-238
-234
-231
-228
-224
-221
-217
-214
-210
-207
-203
-199
-196
-193
-189
-186
-183
-179
-175
-173
-170
-168
-164
-161
-159
-155
-153
-150
-146
-143
-140
-135
-133
-129
-124
-122
-119
-117
-115
-112
-108
-105
-102
-098
-097
-092
-088
-087
-084
-080
-077
-074
-070
-067
-065
-062
-059
-056
-054
-050
-046
-043
-039
-035
-032
-030
-026
-024
-022
-020
-016
-013
-010
-006
-002
+001
+003
+007
+010
+012
+015
+018
+022
+028
+030
+031
+033
+036
+038
+044
+049
+052
+055
+058
+060
+063
+065
+069
+071
+074
+078
+083
+087
+088
+091
+094
+095
+098
+103
+107
+109
+112
+114
+117
+122
+125
+128
+130
+133
+135
+137
+142
+147
+149
+152
+156
+159
+163
+165
+167
+171
+173
+175
+178
+181
+184
+187
+189
+192
+195
+199
+202
+204
+207
+210
+213
+215
+218
+222
+224
+227
+229
+232
+236
+240
+243
+246
+248
+252
+256
+259
+261
+264
+267
+270
+273
+276
+278
+281
+283
+284
+287
+291
+293
+296
+299
+302
+305
+310
+312
+315
+318
+319
+322
+326
+327
+330
+333
+336
+340
+343
+346
+349
+351
+353
+357
+359
+362
+365
+368
+371
+372
+375
+379
+382
+384
+386
+389
+393
+396
+398
+401
+404
+408
+412
+414
+417
+420
+422
+426
+429
+432
+433
+435
+438
+440
+443
+445
+447
+450
+452
+456
+461
+464
+466
+470
+474
+477
+480
+483
+484
+488
+491
+493
+495
+498
+500
+503
+507
+510
+512
+514
+516
+519
+523
+524
+528
+530
+531
+535
+538
+541
+543
+544
+548
+551
+555
+557
+559
+563
+566
+567
+568
+571
+576
+578
+581
+585
+587
+589
+591
+594
+596
+600
+603
+605
+607
+610
+611
+613
+616
+618
+622
+625
+627
+629
+631
+634
+637
+638
+642
+646
+648
+651
+654
+656
+658
+661
+663
+665
+668
+671
+675
+677
+678
+681
+683
+685
+687
+690
+692
+695
+698
+699
+703
+705
+706
+709
+712
+714
+717
+720
+723
+724
+726
+729
+731
+734
+737
+739
+741
+746
+748
+747
+750
+754
+755
+757
+760
+762
+765
+766
+769
+773
+773
+777
+782
+784
+787
+789
+791
+794
+797
+799
+801
+804
+807
+809
+810
+812
+814
+817
+821
+823
+825
+828
+829
+831
+834
+837
+839
+841
+844
+846
+847
+849
+851
+855
+859
+859
+861
+863
+864
+868
+870
+874
+877
+877
+880
+884
+885
+886
+888
+890
+893
+895
+898
+899
+902
+904
+907
+910
+912
+914
+917
+919
+921
+924
+927
+930
+932
+934
+936
+938
+940
+942
+944
+946
+949
+951
+954
+955
+958
+961
+964
+967
+969
+970
+971
+972
+976
+979
+982
+985
+986
+986
+988
+990
+992
+995
+999
+1000
+1000
+1004
+1006
+1009
+1012
+1014
+1016
+1019
+1020
+1021
+1025
+1028
+1029
+1031
+1034
+1036
+1039
+1040
+1042
+1045
+1049
+1051
+1052
+1054
+1056
+1059
+1062
+1065
+1069
+1071
+1073
+1074
+1076
+1078
+1080
+1083
+1088
+1090
+1094
+1095
+1094
+1097
+1101
+1104
+1109
+1114
+1115
+1114
+1115
+1120
+1124
+1125
+1130
+1143
+1162
+1133
+1240
+1139
+1260
+1381
+932
+4037
+4864
+4764
+13348
+17311
+15953
+16567
+16355
+16362
+16421
+16372
+16393
+16391
+16391
+16390
+16390
+16390
+16390
+16390
+16390
+16390
+16390
+16390
+16390
+16390
+16390
+16389
+16389
+16389
+16389
+16391
+16390
+16390
+16390
+16391
+16390
+16389
+16389
+16388
+16389
+16389
+16389
+16388
+16390
+16389
+16389
+16388
+16388
+16388
+16389
+16389
+16388
+16389
+16390
+16389
+16388
+16388
+16388
+16388
+16388
+16387
+16388
+16389
+16388
+16388
+16389
+16388
+16388
+16388
+16387
+16388
+16388
+16388
+16388
+16388
+16388
+16387
+16388
+16388
+16388
+16388
+16388
+16389
+16388
+16388
+16388
+16388
+16388
+16388
+16387
+16387
+16388
+16387
+16387
+16387
+16387
+16387
+16386
+16387
+16387
+16387
+16387
+16387
+16387
+16387
+16387
+16387
+16386
+16386
+16388
+16390
+16390
+16390
+16389
+16388
+16388
+16388
+16388
+16388
+16389
+16387
+16387
+16388
+16388
+16388
+16388
+16388
+16388
+16388
+16388
+16388
+16388
+16388
+16388
+16388
+16389
+16388
+16388
+16388
+16388
+16388
+16388
+16388
+16387
+16387
+16387
+16387
+16387
+16386
+16385
+16386
+16386
+16386
+16386
+16386
+16385
+16385
+16385
+16384
+16385
+16386
+16385
+16386
+16386
+16386
+16385
+16385
+16385
+16385
+16385
+16386
+16386
+16385
+16385
+16385
+16386
+16387
+16387
+16386
+16386
+16386
+16386
+16386
+16386
+16386
+16387
+16385
+16386
+16387
+16387
+16386
+16386
+16385
+16385
+16385
+16384
+16385
+16385
+16385
+16385
+16385
+16386
+16386
+16386
+16386
+16386
+16386
+16386
+16386
+16388
+16387
+16386
+16387
+16387
+16387
+16387
+16387
+16386
+16386
+16386
+16386
+16386
+16386
+16386
+16386
+16386
+16386
+16387
+16388
+16388
+16388
+16388
+16388
+16389
+16389
+16389
+16388
+16388
+16390
+16390
+16388
+16389
+16389
+16386
+16386
+16387
+16387
+16386
+16386
+16386
+16387
+16387
+16389
+16390
+16390
+16390
+16390
+16390
+16390
+16388
+16389
+16390
+16389
+16391
+16390
+16387
+16375
+16360
+16350
+16338
+16325
+16313
+16299
+16286
+16276
+16264
+16250
+16238
+16227
+16214
+16201
+16187
+16173
+16160
+16148
+16135
+16123
+16110
+16097
+16084
+16071
+16059
+16048
+16036
+16022
+16010
+15997
+15984
+15973
+15963
+15949
+15937
+15924
+15911
+15901
+15889
+15876
+15863
+15850
+15838
+15824
+15812
+15800
+15787
+15777
+15766
+15752
+15737
+15725
+15714
+15702
+15689
+15679
+15666
+15654
+15642
+15629
+15615
+15604
+15592
+15578
+15565
+15553
+15540
+15529
+15519
+15507
+15494
+15481
+15470
+15458
+15445
+15433
+15421
+15409
+15397
+15386
+15374
+15361
+15347
+15337
+15326
+15312
+15299
+15288
+15276
+15264
+15253
+15242
+15229
+15216
+15204
+15191
+15180
+15170
+15158
+15146
+15134
+15123
+15111
+15100
+15089
+15076
+15065
+15053
+15043
+15035
+15023
+15011
+15000
+14988
+14976
+14966
+14954
+14941
+14930
+14917
+14905
+14894
+14882
+14870
+14860
+14847
+14834
+14823
+14813
+14802
+14789
+14779
+14767
+14754
+14744
+14732
+14720
+14709
+14697
+14683
+14673
+14663
+14652
+14639
+14627
+14617
+14606
+14595
+14583
+14570
+14560
+14551
+14538
+14526
+14516
+14504
+14492
+14479
+14469
+14459
+14447
+14436
+14427
+14414
+14402
+14391
+14381
+14369
+14358
+14347
+14336
+14325
+14315
+14305
+14295
+14285
+14274
+14263
+14250
+14236
+14225
+14216
+14206
+14195
+14185
+14173
+14160
+14148
+14139
+14128
+14115
+14104
+14093
+14081
+14069
+14058
+14049
+14039
+14028
+14019
+14008
+13995
+13983
+13973
+13962
+13952
+13941
+13931
+13919
+13909
+13900
+13889
+13878
+13869
+13860
+13848
+13836
+13826
+13815
+13805
+13795
+13783
+13772
+13764
+13752
+13741
+13732
+13722
+13712
+13704
+13693
+13681
+13672
+13662
+13651
+13640
+13631
+13622
+13611
+13600
+13589
+13578
+13567
+13554
+13542
+13533
+13523
+13511
+13500
+13491
+13482
+13474
+13468
+13456
+13446
+13436
+13425
+13416
+13406
+13395
+13385
+13375
+13367
+13356
+13344
+13335
+13325
+13314
+13304
+13293
+13281
+13271
+13261
+13250
+13241
+13232
+13222
+13210
+13200
+13190
+13180
+13169
+13157
+13148
+13137
+13128
+13119
+13109
+13099
+13086
+13075
+13066
+13054
+13044
+13035
+13025
+13014
+13004
+12995
+12985
+12974
+12963
+12952
+12943
+12934
+12923
+12914
+12906
+12895
+12886
+12875
+12864
+12855
+12845
+12834
+12825
+12816
+12805
+12796
+12787
+12776
+12765
+12754
+12744
+12735
+12725
+12715
+12707
+12697
+12687
+12676
+12665
+12657
+12646
+12636
+12627
+12617
+12606
+12597
+12587
+12577
+12568
+12559
+12549
+12539
+12528
+12518
+12509
+12500
+12490
+12480
+12471
+12462
+12451
+12442
+12432
+12421
+12413
+12403
+12392
+12383
+12373
+12363
+12352
+12342
+12334
+12323
+12313
+12305
+12297
+12285
+12275
+12266
+12257
+12247
+12239
+12232
+12223
+12214
+12205
+12197
+12188
+12176
+12167
+12159
+12150
+12140
+12131
+12122
+12112
+12103
+12094
+12086
+12076
+12065
+12058
+12048
+12035
+12027
+12016
+12004
+11997
+11987
+11977
+11969
+11959
+11950
+11939
+11929
+11921
+11912
+11903
+11893
+11883
+11873
+11864
+11856
+11848
+11840
+11830
+11820
+11810
+11800
+11790
+11780
+11772
+11763
+11753
+11745
+11736
+11727
+11717
+11708
+11699
+11690
+11680
+11671
+11664
+11654
+11643
+11635
+11627
+11618
+11608
+11599
+11591
+11582
+11573
+11563
+11554
+11546
+11536
+11526
+11516
+11508
+11500
+11491
+11483
+11474
+11464
+11455
+11445
+11436
+11430
+11420
+11413
+11405
+11395
+11387
+11379
+11370
+11360
+11352
+11343
+11334
+11325
+11315
+11307
+11299
+11289
+11280
+11271
+11262
+11255
+11244
+11235
+11227
+11218
+11210
+11201
+11192
+11184
+11177
+11168
+11159
+11151
+11145
+11136
+11130
+11123
+11115
+11106
+11096
+11088
+11080
+11072
+11063
+11054
+11046
+11033
+11023
+11015
+11005
+10995
+10986
+10979
+10970
+10963
+10960
+10951
+10943
+10936
+10926
+10918
+10911
+10902
+10891
+10883
+10877
+10868
+10858
+10850
+10843
+10833
+10825
+10816
+10805
+10798
+10790
+10780
+10771
+10762
+10754
+10746
+10737
+10730
+10721
+10712
+10703
+10693
+10685
+10677
+10669
+10661
+10652
+10644
+10634
+10627
+10619
+10611
+10604
+10594
+10586
+10579
+10569
+10559
+10552
+10544
+10535
+10526
+10518
+10510
+10502
+10494
+10487
+10478
+10470
+10463
+10452
+10444
+10438
+10429
+10420
+10412
+10405
+10397
+10388
+10382
+10373
+10363
+10356
+10347
+10338
+10329
+10321
+10313
+10307
+10299
+10291
+10284
+10274
+10267
+10260
+10251
+10242
+10234
+10224
+10216
+10209
+10201
+10192
+10185
+10176
+10169
+10162
+10153
+10146
+10137
+10130
+10121
+10111
+10104
+10095
+10087
+10080
+10072
+10064
+10058
+10051
+10043
+10032
+10025
+10018
+10009
+10001
+9994
+9986
+9978
+9971
+9962
+9953
+9945
+9940
+9935
+9929
+9921
+9911
+9902
+9896
+9888
+9880
+9872
+9865
+9857
+9850
+9843
+9835
+9828
+9820
+9810
+9801
+9794
+9788
+9779
+9771
+9764
+9756
+9748
+9740
+9732
+9725
+9717
+9708
+9700
+9693
+9686
+9677
+9670
+9662
+9653
+9647
+9640
+9632
+9626
+9618
+9609
+9602
+9593
+9584
+9578
+9570
+9562
+9553
+9544
+9538
+9530
+9523
+9516
+9509
+9503
+9497
+9490
+9483
+9475
+9468
+9461
+9454
+9446
+9438
+9432
+9424
+9417
+9410
+9403
+9394
+9385
+9377
+9371
+9364
+9357
+9349
+9340
+9334
+9326
+9318
+9310
+9301
+9294
+9288
+9281
+9272
+9265
+9257
+9249
+9243
+9237
+9229
+9221
+9215
+9208
+9201
+9194
+9186
+9178
+9171
+9165
+9157
+9149
+9141
+9134
+9129
+9120
+9113
+9106
+9099
+9092
+9084
+9076
+9070
+9064
+9058
+9051
+9044
+9037
+9030
+9023
+9017
+9011
+9003
+8996
+8989
+8982
+8975
+8968
+8960
+8950
+8941
+8933
+8926
+8919
+8912
+8904
+8896
+8891
+8882
+8876
+8875
+8868
+8861
+8854
+8847
+8840
+8833
+8826
+8818
+8812
+8806
+8798
+8793
+8786
+8778
+8772
+8765
+8758
+8752
+8745
+8737
+8729
+8724
+8718
+8710
+8704
+8696
+8688
+8682
+8675
+8667
+8659
+8655
+8647
+8640
+8634
+8624
+8617
+8611
+8604
+8598
+8591
+8584
+8577
+8569
+8563
+8555
+8548
+8543
+8537
+8528
+8522
+8515
+8507
+8501
+8495
+8488
+8482
+8473
+8465
+8458
+8451
+8445
+8439
+8431
+8423
+8418
+8413
+8407
+8400
+8393
+8386
+8377
+8369
+8364
+8357
+8350
+8343
+8335
+8329
+8322
+8316
+8308
+8300
+8294
+8286
+8280
+8275
+8267
+8262
+8255
+8249
+8243
+8235
+8230
+8223
+8215
+8209
+8202
+8195
+8188
+8181
+8175
+8169
+8163
+8157
+8150
+8143
+8136
+8130
+8124
+8116
+8111
+8104
+8096
+8091
+8084
+8076
+8070
+8064
+8058
+8051
+8048
+8045
+8037
+8031
+8025
+8018
+8011
+8006
+7999
+7991
+7985
+7976
+7969
+7965
+7959
+7954
+7948
+7941
+7934
+7926
+7919
+7913
+7906
+7899
+7893
+7887
+7879
+7873
+7867
+7861
+7854
+7848
+7842
+7836
+7829
+7823
+7817
+7810
+7805
+7798
+7791
+7785
+7780
+7773
+7765
+7759
+7752
+7745
+7740
+7733
+7726
+7719
+7714
+7707
+7700
+7695
+7689
+7682
+7676
+7669
+7665
+7659
+7652
+7646
+7639
+7632
+7626
+7620
+7614
+7608
+7602
+7595
+7589
+7583
+7576
+7570
+7564
+7558
+7552
+7545
+7539
+7533
+7527
+7521
+7511
+7506
+7500
+7493
+7488
+7482
+7477
+7472
+7467
+7461
+7454
+7448
+7442
+7435
+7431
+7426
+7420
+7412
+7405
+7400
+7392
+7386
+7381
+7373
+7368
+7363
+7357
+7350
+7344
+7338
+7332
+7328
+7322
+7317
+7312
+7305
+7301
+7295
+7289
+7284
+7279
+7274
+7267
+7262
+7255
+7249
+7243
+7237
+7232
+7225
+7216
+7208
+7202
+7197
+7192
+7186
+7179
+7174
+7169
+7163
+7162
+7160
+7154
+7148
+7140
+7134
+7128
+7122
+7117
+7110
+7105
+7100
+7094
+7089
+7082
+7074
+7069
+7063
+7059
+7053
+7046
+7040
+7035
+7030
+7023
+7018
+7013
+7007
+7001
+6994
+6989
+6980
+6974
+6971
+6963
+6956
+6951
+6946
+6940
+6934
+6928
+6922
+6917
+6912
+6906
+6900
+6895
+6889
+6882
+6876
+6870
+6864
+6859
+6852
+6847
+6842
+6835
+6830
+6824
+6817
+6811
+6807
+6802
+6797
+6792
+6785
+6780
+6776
+6770
+6765
+6758
+6752
+6746
+6740
+6735
+6729
+6723
+6719
+6713
+6708
+6702
+6695
+6690
+6684
+6678
+6673
+6668
+6660
+6655
+6650
+6644
+6639
+6635
+6629
+6624
+6617
+6610
+6606
+6599
+6594
+6589
+6582
+6577
+6572
+6567
+6561
+6556
+6551
+6544
+6539
+6532
+6526
+6522
+6517
+6511
+6505
+6500
+6495
+6490
+6484
+6479
+6473
+6467
+6466
+6463
+6456
+6451
+6447
+6440
+6433
+6430
+6426
+6419
+6413
+6407
+6400
+6395
+6389
+6384
+6381
+6376
+6370
+6363
+6358
+6353
+6346
+6342
+6337
+6331
+6328
+6322
+6316
+6311
+6306
+6300
+6295
+6291
+6286
+6278
+6272
+6268
+6264
+6259
+6252
+6247
+6243
+6237
+6231
+6224
+6218
+6213
+6207
+6202
+6196
+6192
+6187
+6180
+6174
+6169
+6164
+6160
+6154
+6148
+6144
+6139
+6135
+6128
+6123
+6118
+6112
+6107
+6102
+6098
+6095
+6089
+6083
+6079
+6075
+6070
+6063
+6058
+6053
+6044
+6041
+6036
+6030
+6025
+6018
+6013
+6010
+6005
+5999
+5995
+5992
+5985
+5980
+5974
+5970
+5966
+5959
+5954
+5950
+5945
+5940
+5933
+5929
+5925
+5919
+5913
+5908
+5903
+5898
+5894
+5889
+5884
+5879
+5875
+5870
+5864
+5860
+5856
+5852
+5847
+5844
+5839
+5834
+5830
+5824
+5821
+5818
+5810
+5805
+5802
+5796
+5791
+5787
+5781
+5774
+5768
+5763
+5758
+5753
+5748
+5743
+5738
+5733
+5729
+5729
+5725
+5721
+5716
+5711
+5706
+5701
+5696
+5690
+5686
+5683
+5676
+5671
+5667
+5662
+5655
+5651
+5647
+5642
+5636
+5631
+5627
+5623
+5617
+5611
+5608
+5603
+5599
+5593
+5588
+5582
+5576
+5572
+5568
+5564
+5559
+5554
+5550
+5544
+5537
+5534
+5530
+5525
+5520
+5516
+5512
+5507
+5503
+5497
+5492
+5487
+5482
+5477
+5473
+5469
+5464
+5459
+5455
+5449
+5442
+5438
+5434
+5431
+5426
+5420
+5416
+5410
+5405
+5402
+5398
+5393
+5389
+5385
+5378
+5375
+5371
+5363
+5358
+5355
+5350
+5345
+5339
+5334
+5330
+5324
+5320
+5316
+5310
+5305
+5300
+5296
+5292
+5287
+5282
+5277
+5272
+5268
+5263
+5258
+5254
+5251
+5245
+5240
+5237
+5233
+5229
+5224
+5219
+5214
+5209
+5204
+5199
+5195
+5191
+5185
+5179
+5175
+5171
+5166
+5161
+5158
+5153
+5148
+5148
+5144
+5138
+5134
+5129
+5125
+5120
+5116
+5112
+5106
+5100
+5095
+5092
+5088
+5083
+5081
+5078
+5073
+5066
+5060
+5059
+5055
+5051
+5046
+5038
+5034
+5030
+5025
+5021
+5016
+5011
+5007
+5004
+4999
+4994
+4989
+4983
+4979
+4975
+4972
+4969
+4963
+4960
+4956
+4950
+4946
+4940
+4936
+4931
+4926
+4922
+4917
+4912
+4909
+4905
+4900
+4896
+4893
+4888
+4884
+4880
+4875
+4871
+4867
+4863
+4859
+4854
+4850
+4846
+4842
+4838
+4834
+4830
+4826
+4821
+4817
+4812
+4807
+4804
+4799
+4793
+4790
+4786
+4781
+4776
+4771
+4766
+4762
+4759
+4754
+4750
+4746
+4743
+4738
+4733
+4728
+4723
+4719
+4714
+4710
+4708
+4703
+4698
+4694
+4689
+4684
+4681
+4677
+4674
+4669
+4665
+4661
+4657
+4653
+4648
+4644
+4641
+4639
+4635
+4630
+4628
+4624
+4621
+4617
+4613
+4610
+4604
+4599
+4595
+4591
+4588
+4582
+4579
+4573
+4566
+4563
+4558
+4553
+4549
+4544
+4542
+4539
+4532
+4533
+4532
+4527
+4523
+4518
+4513
+4510
+4507
+4502
+4498
+4496
+4491
+4487
+4483
+4478
+4476
+4473
+4469
+4465
+4458
+4454
+4450
+4447
+4443
+4438
+4435
+4431
+4427
+4423
+4418
+4414
+4410
+4405
+4401
+4397
+4394
+4391
+4387
+4381
+4378
+4374
+4370
+4366
+4362
+4357
+4353
+4350
+4347
+4341
+4337
+4333
+4329
+4325
+4321
+4317
+4313
+4309
+4304
+4301
+4298
+4295
+4290
+4286
+4283
+4280
+4275
+4270
+4266
+4262
+4257
+4253
+4250
+4246
+4240
+4234
+4232
+4230
+4224
+4221
+4217
+4214
+4210
+4205
+4202
+4198
+4194
+4190
+4186
+4182
+4178
+4174
+4170
+4166
+4161
+4158
+4156
+4151
+4147
+4144
+4139
+4135
+4131
+4127
+4123
+4117
+4115
+4114
+4109
+4104
+4101
+4097
+4092
+4087
+4084
+4080
+4075
+4072
+4069
+4065
+4061
+4058
+4055
+4050
+4049
+4049
+4045
+4039
+4035
+4032
+4028
+4024
+4021
+4016
+4012
+4009
+4004
+4001
+3997
+3995
+3992
+3988
+3982
+3976
+3974
+3971
+3966
+3963
+3960
+3954
+3951
+3948
+3944
+3942
+3938
+3932
+3930
+3925
+3919
+3916
+3912
+3908
+3905
+3900
+3898
+3895
+3890
+3886
+3883
+3879
+3874
+3870
+3866
+3862
+3860
+3856
+3852
+3849
+3845
+3841
+3838
+3834
+3830
+3827
+3824
+3820
+3815
+3813
+3809
+3805
+3803
+3798
+3794
+3790
+3787
+3784
+3780
+3777
+3775
+3772
+3767
+3763
+3760
+3756
+3752
+3748
+3744
+3739
+3735
+3732
+3730
+3727
+3725
+3720
+3717
+3715
+3711
+3707
+3702
+3699
+3696
+3692
+3689
+3686
+3681
+3679
+3675
+3672
+3669
+3664
+3661
+3658
+3655
+3651
+3647
+3644
+3640
+3636
+3632
+3629
+3627
+3624
+3622
+3619
+3615
+3613
+3610
+3606
+3602
+3599
+3597
+3593
+3589
+3587
+3584
+3578
+3573
+3570
+3565
+3560
+3556
+3553
+3550
+3547
+3543
+3541
+3538
+3536
+3537
+3533
+3529
+3526
+3521
+3518
+3514
+3511
+3508
+3504
+3502
+3497
+3494
+3490
+3486
+3483
+3482
+3478
+3474
+3472
+3468
+3464
+3462
+3459
+3454
+3450
+3448
+3445
+3440
+3438
+3433
+3427
+3425
+3423
+3420
+3417
+3414
+3411
+3408
+3404
+3399
+3396
+3393
+3389
+3386
+3383
+3377
+3374
+3372
+3369
+3365
+3362
+3358
+3354
+3352
+3349
+3345
+3342
+3338
+3335
+3331
+3328
+3323
+3321
+3318
+3314
+3311
+3307
+3303
+3300
+3296
+3294
+3290
+3286
+3283
+3280
+3277
+3273
+3270
+3266
+3262
+3259
+3256
+3252
+3248
+3246
+3244
+3240
+3236
+3232
+3229
+3226
+3223
+3220
+3218
+3215
+3211
+3207
+3203
+3200
+3196
+3193
+3191
+3189
+3185
+3181
+3178
+3175
+3172
+3168
+3165
+3161
+3157
+3156
+3151
+3148
+3147
+3143
+3139
+3138
+3135
+3130
+3127
+3128
+3127
+3124
+3120
+3117
+3113
+3110
+3107
+3104
+3102
+3098
+3092
+3088
+3085
+3082
+3079
+3076
+3071
+3069
+3064
+3062
+3062
+3057
+3055
+3051
+3047
+3046
+3041
+3038
+3035
+3032
+3029
+3026
+3024
+3019
+3016
+3013
+3009
+3005
+3002
+3000
+2999
+2994
+2990
+2988
+2984
+2978
+2976
+2973
+2971
+2968
+2964
+2961
+2959
+2956
+2953
+2950
+2947
+2944
+2940
+2937
+2934
+2931
+2928
+2926
+2922
+2919
+2917
+2914
+2912
+2909
+2904
+2901
+2898
+2896
+2894
+2890
+2887
+2883
+2881
+2877
+2874
+2871
+2865
+2862
+2862
+2859
+2854
+2851
+2848
+2845
+2843
+2841
+2838
+2836
+2833
+2830
+2827
+2824
+2822
+2819
+2817
+2814
+2811
+2808
+2805
+2803
+2800
+2796
+2793
+2791
+2788
+2785
+2781
+2778
+2775
+2772
+2771
+2770
+2767
+2766
+2763
+2760
+2757
+2754
+2752
+2750
+2746
+2743
+2741
+2738
+2736
+2733
+2730
+2723
+2719
+2717
+2714
+2711
+2708
+2706
+2703
+2699
+2699
+2701
+2699
+2694
+2693
+2690
+2686
+2683
+2680
+2677
+2674
+2672
+2670
+2666
+2663
+2660
+2657
+2655
+2653
+2649
+2646
+2644
+2641
+2638
+2635
+2631
+2629
+2626
+2623
+2620
+2617
+2613
+2611
+2607
+2605
+2603
+2601
+2598
+2594
+2591
+2588
+2584
+2582
+2580
+2579
+2575
+2571
+2568
+2565
+2561
+2559
+2557
+2554
+2550
+2547
+2545
+2542
+2540
+2536
+2532
+2530
+2529
+2528
+2525
+2520
+2517
+2514
+2511
+2509
+2507
+2504
+2501
+2497
+2495
+2493
+2489
+2485
+2482
+2478
+2475
+2474
+2472
+2468
+2465
+2463
+2460
+2457
+2454
+2451
+2449
+2447
+2443
+2441
+2439
+2435
+2432
+2429
+2427
+2425
+2423
+2420
+2418
+2415
+2411
+2408
+2407
+2405
+2401
+2399
+2395
+2392
+2390
+2386
+2385
+2382
+2378
+2374
+2372
+2372
+2368
+2366
+2364
+2360
+2359
+2360
+2359
+2355
+2352
+2351
+2347
+2344
+2341
+2338
+2336
+2332
+2329
+2327
+2325
+2323
+2321
+2319
+2315
+2312
+2309
+2308
+2304
+2301
+2299
+2295
+2295
+2292
+2288
+2286
+2284
+2281
+2279
+2276
+2272
+2268
+2266
+2263
+2262
+2259
+2254
+2254
+2254
+2250
+2247
+2245
+2241
+2240
+2235
+2231
+2230
+2226
+2225
+2223
+2219
+2217
+2216
+2212
+2210
+2209
+2206
+2204
+2201
+2198
+2195
+2193
+2191
+2188
+2184
+2182
+2180
+2177
+2175
+2173
+2171
+2168
+2166
+2163
+2159
+2156
+2154
+2153
+2150
+2147
+2144
+2140
+2138
+2135
+2133
+2131
+2129
+2128
+2124
+2123
+2120
+2117
+2116
+2112
+2110
+2108
+2105
+2103
+2101
+2099
+2096
+2093
+2091
+2088
+2086
+2083
+2081
+2080
+2077
+2074
+2071
+2069
+2067
+2065
+2063
+2062
+2059
+2057
+2056
+2053
+2051
+2051
+2049
+2047
+2044
+2041
+2038
+2036
+2035
+2032
+2028
+2022
+2019
+2017
+2013
+2012
+2011
+2008
+2006
+2004
+2006
+2005
+2003
+2001
+1998
+1996
+1995
+1992
+1989
+1986
+1984
+1982
+1978
+1975
+1973
+1969
+1967
+1965
+1963
+1961
+1960
+1957
+1955
+1952
+1948
+1947
+1946
+1943
+1940
+1937
+1934
+1933
+1930
+1926
+1924
+1923
+1921
+1918
+1917
+1913
+1910
+1909
+1906
+1905
+1902
+1899
+1897
+1894
+1891
+1889
+1887
+1885
+1882
+1879
+1878
+1877
+1874
+1871
+1868
+1866
+1864
+1861
+1860
+1858
+1854
+1852
+1851
+1849
+1846
+1843
+1840
+1838
+1836
+1835
+1831
+1828
+1827
+1825
+1821
+1819
+1817
+1813
+1809
+1809
+1807
+1805
+1802
+1800
+1796
+1794
+1792
+1789
+1787
+1785
+1783
+1781
+1779
+1777
+1775
+1772
+1770
+1767
+1765
+1763
+1760
+1758
+1756
+1754
+1752
+1749
+1747
+1745
+1743
+1742
+1739
+1735
+1733
+1733
+1730
+1727
+1725
+1722
+1720
+1722
+1721
+1718
+1716
+1714
+1712
+1709
+1706
+1705
+1703
+1700
+1696
+1693
+1692
+1690
+1688
+1688
+1686
+1683
+1680
+1679
+1677
+1672
+1671
+1669
+1665
+1664
+1662
+1659
+1657
+1653
+1651
+1650
+1648
+1646
+1644
+1640
+1638
+1637
+1634
+1631
+1629
+1628
+1626
+1625
+1624
+1621
+1618
+1616
+1612
+1610
+1608
+1607
+1604
+1602
+1600
+1598
+1597
+1594
+1592
+1591
+1589
+1587
+1585
+1582
+1581
+1579
+1576
+1576
+1574
+1571
+1569
+1567
+1564
+1561
+1559
+1558
+1555
+1554
+1551
+1549
+1546
+1543
+1539
+1537
+1535
+1533
+1531
+1529
+1528
+1527
+1526
+1523
+1520
+1518
+1515
+1514
+1512
+1510
+1510
+1508
+1504
+1504
+1501
+1499
+1497
+1494
+1492
+1492
+1489
+1486
+1486
+1484
+1482
+1480
+1476
+1474
+1473
+1472
+1470
+1468
+1468
+1466
+1463
+1462
+1462
+1461
+1459
+1456
+1455
+1454
+1452
+1449
+1447
+1442
+1438
+1435
+1433
+1431
+1429
+1427
+1426
+1425
+1424
+1425
+1424
+1425
+1424
+1421
+1419
+1417
+1414
+1410
+1408
+1407
+1404
+1402
+1400
+1398
+1397
+1395
+1392
+1391
+1390
+1388
+1386
+1384
+1382
+1379
+1377
+1375
+1374
+1372
+1369
+1367
+1365
+1362
+1362
+1359
+1356
+1355
+1353
+1352
+1350
+1347
+1344
+1341
+1341
+1338
+1335
+1334
+1332
+1330
+1328
+1327
+1326
+1323
+1322
+1319
+1317
+1316
+1313
+1311
+1309
+1306
+1303
+1303
+1302
+1298
+1295
+1295
+1296
+1295
+1293
+1289
+1287
+1286
+1282
+1279
+1277
+1274
+1273
+1270
+1268
+1267
+1265
+1264
+1263
+1260
+1258
+1256
+1253
+1251
+1248
+1247
+1247
+1246
+1242
+1240
+1240
+1237
+1236
+1235
+1231
+1229
+1227
+1225
+1223
+1221
+1220
+1217
+1215
+1214
+1212
+1211
+1209
+1207
+1206
+1204
+1202
+1200
+1200
+1199
+1197
+1193
+1190
+1190
+1192
+1192
+1189
+1187
+1186
+1183
+1182
+1180
+1176
+1175
+1173
+1170
+1169
+1168
+1166
+1164
+1163
+1161
+1159
+1155
+1155
+1153
+1150
+1149
+1147
+1145
+1144
+1142
+1139
+1136
+1134
+1133
+1131
+1129
+1127
+1126
+1124
+1121
+1119
+1118
+1117
+1117
+1114
+1112
+1110
+1107
+1104
+1101
+1099
+1098
+1097
+1095
+1094
+1091
+1089
+1088
+1087
+1084
+1082
+1081
+1080
+1078
+1076
+1075
+1073
+1071
+1068
+1067
+1066
+1064
+1062
+1059
+1057
+1055
+1054
+1054
+1052
+1050
+1048
+1046
+1045
+1043
+1040
+1037
+1035
+1034
+1032
+1032
+1031
+1028
+1027
+1025
+1023
+1021
+1020
+1017
+1016
+1016
+1014
+1012
+1010
+1009
+1007
+1006
+1005
+1003
+1000
+998
+996
+995
+995
+993
+992
+990
+988
+987
+985
+983
+983
+982
+980
+979
+979
+978
+977
+976
+974
+972
+970
+966
+965
+965
+964
+961
+955
+953
+952
+951
+948
+946
+945
+945
+942
+944
+947
+944
+943
+942
+941
+939
+937
+935
+934
+933
+932
+930
+928
+925
+924
+923
+921
+919
+917
+915
+914
+913
+910
+909
+907
+905
+905
+903
+900
+899
+897
+894
+894
+893
+891
+888
+886
+885
+884
+882
+880
+877
+876
+874
+873
+871
+870
+869
+868
+866
+864
+863
+861
+860
+858
+856
+855
+853
+851
+850
+846
+844
+843
+843
+841
+838
+837
+836
+834
+831
+829
+828
+826
+825
+824
+822
+821
+820
+819
+817
+813
+812
+811
+808
+807
+806
+804
+802
+802
+802
+799
+796
+795
+793
+791
+791
+790
+788
+787
+785
+784
+783
+780
+778
+776
+775
+773
+771
+771
+768
+765
+765
+763
+762
+760
+759
+758
+756
+755
+754
+752
+748
+748
+751
+750
+747
+746
+746
+745
+743
+741
+739
+737
+736
+734
+732
+731
+729
+728
+726
+725
+723
+721
+721
+720
+718
+715
+713
+713
+711
+708
+706
+705
+703
+702
+701
+699
+697
+696
+695
+694
+693
+691
+689
+687
+686
+684
+682
+681
+680
+677
+675
+674
+672
+671
+670
+668
+667
+665
+665
+664
+663
+662
+661
+659
+656
+654
+653
+652
+651
+649
+648
+646
+645
+645
+642
+641
+642
+640
+636
+635
+634
+632
+630
+628
+626
+623
+621
+620
+619
+617
+615
+615
+614
+614
+613
+609
+609
+609
+607
+608
+606
+604
+601
+599
+599
+596
+594
+594
+592
+591
+590
+589
+587
+585
+584
+583
+581
+580
+580
+579
+578
+579
+579
+576
+575
+575
+574
+573
+571
+570
+568
+567
+567
+565
+564
+560
+555
+553
+553
+552
+552
+549
+547
+546
+545
+548
+548
+546
+546
+545
+544
+543
+542
+539
+538
+538
+536
+534
+534
+532
+530
+529
+528
+527
+525
+523
+523
+522
+520
+519
+518
+516
+515
+513
+512
+510
+508
+507
+506
+504
+502
+501
+499
+498
+497
+495
+494
+494
+491
+490
+488
+487
+486
+485
+483
+483
+481
+480
+478
+477
+477
+475
+473
+473
+471
+470
+469
+468
+465
+464
+462
+460
+460
+459
+458
+457
+455
+453
+452
+450
+449
+448
+445
+444
+443
+441
+441
+439
+437
+435
+434
+433
+432
+430
+428
+428
+426
+424
+422
+421
+419
+417
+417
+417
+415
+413
+412
+411
+409
+408
+408
+405
+405
+404
+403
+401
+399
+397
+396
+395
+393
+392
+392
+391
+389
+388
+387
+385
+387
+388
+386
+385
+383
+382
+381
+379
+378
+377
+376
+375
+375
+374
+372
+371
+370
+369
+367
+365
+365
+365
+363
+362
+358
+356
+357
+354
+353
+352
+351
+349
+348
+348
+345
+344
+344
+342
+340
+339
+338
+337
+335
+333
+332
+330
+327
+325
+326
+324
+322
+321
+321
+321
+319
+318
+317
+315
+313
+313
+311
+310
+310
+308
+308
+307
+308
+307
+303
+303
+302
+300
+300
+297
+296
